Ti    3.1957647820E+01   2.7673915540E+01   3.5546286130E+01
Ti    2.7673915650E+01   3.1957647790E+01   3.5546286110E+01
Ti    3.2693147480E+01   2.7725502310E+01   3.2594923370E+01
Ti    3.2292373590E+01   2.7527797910E+01   2.6714960530E+01
Ti    2.7527797900E+01   3.2292373470E+01   2.6714960540E+01
Ti    2.7725502370E+01   3.2693147410E+01   3.2594923340E+01
Ti    3.2203749890E+01   2.7452918380E+01   2.9619449420E+01
Ti    2.7452918360E+01   3.2203749760E+01   2.9619449410E+01
Ti    3.2178980230E+01   2.2845238170E+01   3.5637180280E+01
Ti    2.2845238410E+01   3.2178980140E+01   3.5637180180E+01
Ti    3.2493678820E+01   2.2923543390E+01   3.2560776150E+01
Ti    2.2923543590E+01   3.2493678750E+01   3.2560776080E+01
Ti    3.2150184950E+01   2.2756391950E+01   2.9480612030E+01
Ti    2.2756392080E+01   3.2150184830E+01   2.9480612020E+01
Ti    2.7685153810E+01   2.7685153750E+01   3.8481159940E+01
Ti    2.7666666090E+01   2.7666665970E+01   3.5465512280E+01
Ti    2.7579565280E+01   2.7579565190E+01   2.3443823910E+01
Ti    2.0718806630E+01   2.9844656690E+01   3.7037922970E+01
Ti    2.9844656810E+01   2.0718806400E+01   3.7037923010E+01
Ti    2.7765085070E+01   2.7765084820E+01   3.2540517180E+01
Ti    2.7690266350E+01   2.7690266300E+01   2.6513692440E+01
Ti    2.9745623880E+01   2.0610864430E+01   2.8128469750E+01
Ti    2.0306801540E+01   3.0072849220E+01   3.3991745570E+01
Ti    2.0610863880E+01   2.9745624460E+01   2.8128469450E+01
Ti    3.0072849760E+01   2.0306800900E+01   3.3991745690E+01
Ti    2.7612482780E+01   2.7612482440E+01   2.9640286640E+01
Ti    3.0078850220E+01   2.0246738930E+01   3.1161255220E+01
Ti    2.0246738900E+01   3.0078850350E+01   3.1161255100E+01
Ti    2.7449881970E+01   2.3103847170E+01   3.8749236740E+01
Ti    2.3103847270E+01   2.7449881890E+01   3.8749236740E+01
Ti    2.7683098320E+01   2.2913898910E+01   3.5521739710E+01
Ti    1.8725231090E+01   2.2852959900E+01   3.5649677020E+01
Ti    2.5280671530E+01   2.0655777670E+01   2.5064224800E+01
Ti    2.5201616760E+01   2.9979277150E+01   3.7461844330E+01
Ti    2.5403342720E+01   2.9900438490E+01   2.5103790960E+01
Ti    2.5434682060E+01   2.0460850230E+01   3.7479205110E+01
Ti    2.9979277240E+01   2.5201616660E+01   3.7461844360E+01
Ti    2.0655777660E+01   2.5280671260E+01   2.5064224760E+01
Ti    2.0460850400E+01   2.5434681970E+01   3.7479204980E+01
Ti    2.9900438550E+01   2.5403342630E+01   2.5103790960E+01
Ti    2.2852959910E+01   1.8725230950E+01   3.5649677110E+01
Ti    2.2913899230E+01   2.7683098040E+01   3.5521739850E+01
Ti    2.7730194170E+01   2.2869868570E+01   3.2441630430E+01
Ti    2.7669229830E+01   2.2941696050E+01   2.6115938000E+01
Ti    1.8027167610E+01   2.3724922810E+01   3.3001934830E+01
Ti    2.5282303740E+01   2.0391046530E+01   2.8002408410E+01
Ti    2.5234011610E+01   2.9898999800E+01   3.4172660000E+01
Ti    2.5177355890E+01   2.9903047650E+01   2.8050344600E+01
Ti    2.5338532260E+01   2.0837495380E+01   3.4201082530E+01
Ti    2.9898999860E+01   2.5234011320E+01   3.4172660010E+01
Ti    2.0391047070E+01   2.5282303610E+01   2.8002408410E+01
Ti    2.0837495690E+01   2.5338531980E+01   3.4201082400E+01
Ti    2.9903047930E+01   2.5177355880E+01   2.8050344530E+01
Ti    2.3724922870E+01   1.8027167240E+01   3.3001934990E+01
Ti    2.2941696080E+01   2.7669229780E+01   2.6115937460E+01
Ti    2.2869865470E+01   2.7730197320E+01   3.2441634310E+01
Ti    1.8589757810E+01   2.2620675900E+01   2.9066066930E+01
Ti    2.7474254610E+01   2.2962187880E+01   2.9367777840E+01
Ti    2.5293938820E+01   2.0661196840E+01   3.1071413190E+01
Ti    2.5308921240E+01   3.0015776280E+01   3.1138506920E+01
Ti    3.0015776560E+01   2.5308921090E+01   3.1138506930E+01
Ti    2.0661197540E+01   2.5293938720E+01   3.1071412940E+01
Ti    2.2620675830E+01   1.8589757610E+01   2.9066067010E+01
Ti    2.2962186070E+01   2.7474256480E+01   2.9367776240E+01
Ti    2.7543702320E+01   1.8508509500E+01   3.5571128310E+01
Ti    1.8508509940E+01   2.7543702060E+01   3.5571128010E+01
Ti    2.9907458150E+01   2.9907458080E+01   3.7084402690E+01
Ti    2.0705353170E+01   2.0705353070E+01   3.7115504310E+01
Ti    2.7270804980E+01   1.7968725400E+01   3.2637722600E+01
Ti    1.7968725710E+01   2.7270804800E+01   3.2637722420E+01
Ti    2.1380715460E+01   2.1380715250E+01   2.7757591470E+01
Ti    3.0196544820E+01   3.0196544760E+01   3.4041581400E+01
Ti    2.9867724360E+01   2.9867724300E+01   2.8056752490E+01
Ti    2.0473746590E+01   2.0473746490E+01   3.3987355780E+01
Ti    1.8173777030E+01   2.7628171660E+01   2.9534832620E+01
Ti    2.7628171860E+01   1.8173776690E+01   2.9534832700E+01
Ti    2.0636756970E+01   2.0636756810E+01   3.1011600670E+01
Ti    3.0140152310E+01   3.0140152260E+01   3.1036719750E+01
Ti    2.2937389290E+01   2.2937389220E+01   3.8491135540E+01
Ti    2.5304506160E+01   2.5304506070E+01   3.9992341990E+01
Ti    2.2972399040E+01   2.2972398840E+01   3.5592835630E+01
Ti    2.5306796110E+01   2.5306795930E+01   2.4529271520E+01
Ti    2.5318115340E+01   2.5318115160E+01   3.6998169780E+01
Ti    2.3003563010E+01   2.3003562920E+01   2.5931286830E+01
Ti    2.2964140020E+01   2.2964139630E+01   3.2538329080E+01
Ti    2.5326551130E+01   2.5326551200E+01   2.7666775920E+01
Ti    2.5253557080E+01   2.5253556200E+01   3.3972700900E+01
Ti    2.3049565410E+01   2.3049564620E+01   2.9576258790E+01
Ti    2.5311386520E+01   2.5311415700E+01   3.0969115130E+01
O     3.1040249940E+01   3.1040249860E+01   3.5512712720E+01
O     3.1005439090E+01   3.1005439050E+01   3.2510507530E+01
O     3.0882420430E+01   3.0882420400E+01   2.9399642240E+01
O     3.1099123770E+01   2.6195990470E+01   3.8576960430E+01
O     2.6195990600E+01   3.1099123620E+01   3.8576960430E+01
O     3.0830912160E+01   2.6195102690E+01   3.5631376230E+01
O     2.6195102840E+01   3.0830912070E+01   3.5631376230E+01
O     3.1018317140E+01   2.6227135550E+01   3.2512925470E+01
O     3.1089899240E+01   2.6121909100E+01   2.6378868590E+01
O     2.2054358990E+01   3.3177816600E+01   3.4106425230E+01
O     2.7845715960E+01   1.7125856480E+01   3.4281417060E+01
O     3.3177816730E+01   2.2054358830E+01   3.4106425300E+01
O     1.7125856820E+01   2.7845715730E+01   3.4281416910E+01
O     2.6121909090E+01   3.1089899080E+01   2.6378868730E+01
O     2.6227135660E+01   3.1018317040E+01   3.2512925370E+01
O     3.0819461350E+01   2.6175990250E+01   2.9522246300E+01
O     2.8037392280E+01   1.7103804900E+01   3.1138527220E+01
O     2.2039435190E+01   3.3170324160E+01   3.1019709360E+01
O     3.3170324230E+01   2.2039435030E+01   3.1019709390E+01
O     1.7103805190E+01   2.8037392090E+01   3.1138527080E+01
O     2.6175990230E+01   3.0819461210E+01   2.9522246240E+01
O     3.1081477050E+01   2.1287061020E+01   3.5743199880E+01
O     2.1287061440E+01   3.1081476710E+01   3.5743199740E+01
O     3.0891827240E+01   2.1339031690E+01   3.2559116250E+01
O     3.0831384030E+01   2.0101953740E+01   2.6234095070E+01
O     2.2991098430E+01   1.7091798900E+01   2.8141984010E+01
O     2.7083212410E+01   3.3319949870E+01   3.4324751550E+01
O     2.6955492150E+01   3.3354540110E+01   2.8136650000E+01
O     2.3558649180E+01   1.7214671600E+01   3.4736873490E+01
O     3.3319949920E+01   2.7083212340E+01   3.4324751590E+01
O     1.7091799080E+01   2.2991098500E+01   2.8141983970E+01
O     1.7214671800E+01   2.3558649130E+01   3.4736873270E+01
O     3.3354540210E+01   2.6955492160E+01   2.8136649990E+01
O     2.0101953370E+01   3.0831384420E+01   2.6234094630E+01
O     2.1339031930E+01   3.0891827140E+01   3.2559116100E+01
O     3.1008191180E+01   2.1239235340E+01   2.9375168910E+01
O     2.2346239760E+01   1.8063679700E+01   3.1253397350E+01
O     2.6844987870E+01   3.3350527060E+01   3.1019779070E+01
O     3.3350527150E+01   2.6844987850E+01   3.1019779100E+01
O     1.8063679870E+01   2.2346239650E+01   3.1253397240E+01
O     2.1239235270E+01   3.1008191330E+01   2.9375168800E+01
O     2.6316418440E+01   2.6316418290E+01   3.8751638680E+01
O     2.6292812860E+01   2.6292812700E+01   3.5656193970E+01
O     2.6296899470E+01   2.6296899270E+01   2.3219525680E+01
O     1.9629388550E+01   1.9629388480E+01   3.5457272740E+01
O     2.8746796990E+01   2.1958539140E+01   2.4948266510E+01
O     2.2068495680E+01   2.8582661470E+01   3.7098899910E+01
O     2.1958539340E+01   2.8746796890E+01   2.4948265780E+01
O     2.8582661630E+01   2.2068495500E+01   3.7098900020E+01
O     2.6187025860E+01   2.6187026980E+01   3.2515613740E+01
O     2.6297065650E+01   2.6297065740E+01   2.6305159280E+01
O     1.9698560530E+01   1.9698560450E+01   3.2425006410E+01
O     2.8501487280E+01   2.1984343020E+01   2.7973372370E+01
O     2.1971213450E+01   2.8562825080E+01   3.4060978240E+01
O     2.1984342470E+01   2.8501487820E+01   2.7973371270E+01
O     2.8562825790E+01   2.1971212580E+01   3.4060979640E+01
O     1.9926541250E+01   1.9926541190E+01   2.9018094400E+01
O     2.6242746050E+01   2.6242747310E+01   2.9493277970E+01
O     2.8572074140E+01   2.1896059340E+01   3.1003299950E+01
O     2.1896059350E+01   2.8572074160E+01   3.1003300320E+01
O     2.6506854830E+01   2.1438777020E+01   3.8694769050E+01
O     1.9653701500E+01   2.4222850960E+01   3.8637356550E+01
O     2.7460406000E+01   2.8067947560E+01   4.0689887000E+01
O     2.3175610000E+01   2.2568123330E+01   4.0700936370E+01
O     2.8067947560E+01   2.7460406020E+01   4.0689887020E+01
O     2.2568123290E+01   2.3175610050E+01   4.0700936340E+01
O     2.4222851050E+01   1.9653701360E+01   3.8637356680E+01
O     2.1438777120E+01   2.6506854760E+01   3.8694768950E+01
O     2.6241402470E+01   2.1613071630E+01   3.5723028240E+01
O     1.9858902600E+01   2.4335981820E+01   3.5621281490E+01
O     2.4041534500E+01   2.1965310040E+01   2.4707713770E+01
O     2.6631008720E+01   2.8624713980E+01   3.7208185410E+01
O     2.6813743860E+01   2.8735090690E+01   2.4720676010E+01
O     2.3931450910E+01   2.2074011480E+01   3.7118969290E+01
O     2.8624714120E+01   2.6631008670E+01   3.7208185450E+01
O     2.1965310140E+01   2.4041534340E+01   2.4707713720E+01
O     2.2074011620E+01   2.3931450790E+01   3.7118969210E+01
O     2.8735090750E+01   2.6813743780E+01   2.4720676040E+01
O     2.4335981870E+01   1.9858902420E+01   3.5621281650E+01
O     2.1613071750E+01   2.6241402410E+01   3.5723028090E+01
O     1.9576956320E+01   2.4522029550E+01   2.6372148080E+01
O     2.6218150410E+01   2.1575139520E+01   3.2547593580E+01
O     2.6354696470E+01   2.1489816640E+01   2.6366948090E+01
O     1.9764199010E+01   2.4319466900E+01   3.2523452390E+01
O     2.3590928970E+01   2.1836845290E+01   2.7770505700E+01
O     2.6743284220E+01   2.8600439790E+01   3.4024984970E+01
O     2.6662714250E+01   2.8604906740E+01   2.7879827340E+01
O     2.3873459310E+01   2.2095724180E+01   3.4062683980E+01
O     2.8600439810E+01   2.6743283970E+01   3.4024984970E+01
O     2.1836845730E+01   2.3590928710E+01   2.7770505960E+01
O     2.2095724130E+01   2.3873458770E+01   3.4062684000E+01
O     2.8604906780E+01   2.6662714060E+01   2.7879827240E+01
O     2.4319466920E+01   1.9764198670E+01   3.2523452650E+01
O     2.1489816730E+01   2.6354696390E+01   2.6366947820E+01
O     2.1575140630E+01   2.6218150020E+01   3.2547593070E+01
O     2.4522029830E+01   1.9576956010E+01   2.6372147870E+01
O     1.9652510220E+01   2.4147150880E+01   2.9413533980E+01
O     2.6107583360E+01   2.1521600570E+01   2.9414526230E+01
O     2.3944216350E+01   2.2089964200E+01   3.1020980080E+01
O     2.6689432150E+01   2.8570166880E+01   3.1066467440E+01
O     2.8570166790E+01   2.6689431700E+01   3.1066467550E+01
O     2.2089964300E+01   2.3944215630E+01   3.1020979730E+01
O     2.4147150910E+01   1.9652509900E+01   2.9413534060E+01
O     2.1521600980E+01   2.6107583480E+01   2.9414526550E+01
O     1.9444183070E+01   2.9145805810E+01   3.5836773830E+01
O     3.1547098360E+01   2.8849963820E+01   3.6976456990E+01
O     1.9028415290E+01   2.1676894120E+01   3.7093939910E+01
O     2.8849963910E+01   3.1547098310E+01   3.6976456980E+01
O     2.1676894120E+01   1.9028415130E+01   3.7093940000E+01
O     2.9145806130E+01   1.9444182630E+01   3.5836773950E+01
O     1.9537749640E+01   3.0182900700E+01   2.6208921400E+01
O     2.5450647230E+01   1.7326581460E+01   3.2634666860E+01
O     1.9425070570E+01   2.8999334380E+01   3.2590989350E+01
O     1.9531143330E+01   2.1106126150E+01   2.8295700140E+01
O     3.1289038560E+01   2.8611560270E+01   3.4050502790E+01
O     3.1428555900E+01   2.8695451340E+01   2.7910295430E+01
O     1.9201624880E+01   2.2053962530E+01   3.3994584790E+01
O     2.8611560340E+01   3.1289038490E+01   3.4050502760E+01
O     2.1106126130E+01   1.9531143130E+01   2.8295700090E+01
O     2.2053962590E+01   1.9201624610E+01   3.3994584820E+01
O     2.8695451360E+01   3.1428555810E+01   2.7910295430E+01
O     2.8999334530E+01   1.9425070310E+01   3.2590989510E+01
O     1.7326581720E+01   2.5450647090E+01   3.2634666660E+01
O     3.0182900320E+01   1.9537750010E+01   2.6208921830E+01
O     1.9332007050E+01   2.9115180830E+01   2.9365840150E+01
O     2.7850512770E+01   1.6635054430E+01   2.8473598810E+01
O     1.8745846020E+01   2.1832312270E+01   3.1162751280E+01
O     3.1501704340E+01   2.8689278620E+01   3.0947083180E+01
O     2.8689278630E+01   3.1501704230E+01   3.0947083150E+01
O     2.1832312320E+01   1.8745845800E+01   3.1162751380E+01
O     2.9115180660E+01   1.9332007160E+01   2.9365840230E+01
O     1.6635054730E+01   2.7850512170E+01   2.8473598720E+01
O     2.1573960410E+01   2.1573960340E+01   3.8554425640E+01
O     2.4304037140E+01   2.4304037020E+01   3.8732737360E+01
O     2.6603736240E+01   2.3920931940E+01   4.0256971820E+01
O     2.3920932040E+01   2.6603736160E+01   4.0256971810E+01
O     2.4328287680E+01   2.4328287410E+01   2.3275761190E+01
O     2.1560325820E+01   2.1560325530E+01   3.5629663450E+01
O     2.4385559270E+01   2.4385559190E+01   3.5574644520E+01
O     2.3974917780E+01   2.6664466560E+01   2.4899038400E+01
O     2.6645939120E+01   2.3924756260E+01   3.7238080030E+01
O     2.6664466710E+01   2.3974917650E+01   2.4899038720E+01
O     2.3924756500E+01   2.6645938950E+01   3.7238080160E+01
O     2.4344378130E+01   2.4344378190E+01   2.6325965840E+01
O     2.1578410300E+01   2.1578410100E+01   3.2401069020E+01
O     2.1599197740E+01   2.1599197730E+01   2.5900004120E+01
O     2.4371149590E+01   2.4371150850E+01   3.2486826440E+01
O     2.3897998250E+01   2.6649074920E+01   2.7883324370E+01
O     2.6676165650E+01   2.3895028070E+01   3.4129636400E+01
O     2.6649074660E+01   2.3897998670E+01   2.7883324530E+01
O     2.3895028380E+01   2.6676165520E+01   3.4129636430E+01
O     2.4395968440E+01   2.4395969080E+01   2.9463198430E+01
O     2.1657568100E+01   2.1657567590E+01   2.9704883020E+01
O     2.3834995840E+01   2.6704866170E+01   3.0997303870E+01
O     2.6704868130E+01   2.3834992840E+01   3.0997304860E+01
O     2.4164628930E+01   2.9039141150E+01   3.8748245450E+01
O     2.9039141200E+01   2.4164628880E+01   3.8748245480E+01
O     2.4391508040E+01   2.8947563500E+01   3.5626698410E+01
O     3.1230902040E+01   2.3830444220E+01   3.6979395130E+01
O     1.8925546540E+01   2.6504060720E+01   3.7068797100E+01
O     2.3830444440E+01   3.1230902070E+01   3.6979395110E+01
O     2.6504060910E+01   1.8925546430E+01   3.7068797270E+01
O     2.8947563470E+01   2.4391508010E+01   3.5626698490E+01
O     2.4322883150E+01   2.9074946680E+01   2.6424153700E+01
O     2.4339811100E+01   2.9061005260E+01   3.2582267030E+01
O     1.9019092120E+01   2.6558452530E+01   2.8194983660E+01
O     3.1350962080E+01   2.3902130180E+01   3.4207090260E+01
O     3.1280860310E+01   2.3841982770E+01   2.8162408920E+01
O     1.9426131160E+01   2.6671126220E+01   3.4174194290E+01
O     2.3902130390E+01   3.1350961960E+01   3.4207090140E+01
O     2.6558452490E+01   1.9019091450E+01   2.8194983730E+01
O     2.6671126300E+01   1.9426130640E+01   3.4174194690E+01
O     2.3841982720E+01   3.1280859960E+01   2.8162408900E+01
O     2.9061005630E+01   2.4339810850E+01   3.2582267270E+01
O     2.9074946850E+01   2.4322883090E+01   2.6424153810E+01
O     2.4319156640E+01   2.8903299200E+01   2.9463974480E+01
O     1.9196791830E+01   2.6574999870E+01   3.0907554290E+01
O     3.1322399930E+01   2.3853069360E+01   3.0908328310E+01
O     2.3853069500E+01   3.1322399770E+01   3.0908328280E+01
O     2.6575000020E+01   1.9196791350E+01   3.0907554350E+01
O     2.8903299460E+01   2.4319156810E+01   2.9463974280E+01
O     2.2954597550E+01   3.3785983430E+01   3.6596127440E+01
O     3.3785983500E+01   2.2954597510E+01   3.6596127520E+01
O     2.4394954510E+01   3.3654529190E+01   3.2554816730E+01
O     3.3654529230E+01   2.4394954350E+01   3.2554816790E+01
O     2.2687929940E+01   3.3721155390E+01   2.8452926070E+01
O     3.3721155490E+01   2.2687929530E+01   2.8452926060E+01
O     2.9051823240E+01   2.9051823200E+01   3.8539016580E+01
O     2.9051992210E+01   2.9051992120E+01   3.5615666390E+01
O     2.9057242200E+01   2.9057242120E+01   2.6513652690E+01
O     2.9115875580E+01   2.9115875440E+01   3.2395825450E+01
O     3.1379351540E+01   1.8977138710E+01   3.4124541950E+01
O     1.8977139310E+01   3.1379351000E+01   3.4124541880E+01
O     2.8991848140E+01   2.8991848030E+01   2.9485581430E+01
O     1.8939417560E+01   3.1403541040E+01   3.1043917830E+01
O     3.1403540920E+01   1.8939417580E+01   3.1043917620E+01
O     2.9218768530E+01   3.3810440230E+01   3.2556440870E+01
O     3.3810440290E+01   2.9218768470E+01   3.2556440940E+01
