Ti    3.2235020740E+01   2.8165959660E+01   3.4452323580E+01
Ti    2.7406294990E+01   3.2526995300E+01   3.4807906040E+01
Ti    3.3291618820E+01   2.9500613630E+01   3.1897474500E+01
Ti    3.2770449110E+01   2.7060745090E+01   2.6758166970E+01
Ti    2.7317729850E+01   3.0961774940E+01   2.6136100050E+01
Ti    2.7433958040E+01   3.2446985070E+01   3.1952214800E+01
Ti    3.2550208860E+01   2.7319690960E+01   2.9610880800E+01
Ti    2.6849756940E+01   3.1390453880E+01   2.8875589810E+01
Ti    3.2715901690E+01   2.3571860860E+01   3.5646047190E+01
Ti    2.1836850420E+01   3.1622233990E+01   3.5922053310E+01
Ti    3.3612224740E+01   2.5265690120E+01   3.3086979030E+01
Ti    2.2360331860E+01   3.2261219150E+01   3.3025634450E+01
Ti    3.2290161300E+01   2.3096867670E+01   3.0838037810E+01
Ti    2.1821906800E+01   3.3097654930E+01   3.0289197300E+01
Ti    2.7926660350E+01   2.8379185590E+01   3.8124202060E+01
Ti    2.7577917980E+01   2.8056837870E+01   3.5253927660E+01
Ti    2.7554544910E+01   2.5770681940E+01   2.3337628020E+01
Ti    1.9793014790E+01   2.9501767480E+01   3.6917204640E+01
Ti    3.0302971110E+01   2.1610626270E+01   3.7219278990E+01
Ti    2.7136121730E+01   2.7771893740E+01   3.2292231530E+01
Ti    2.7497269660E+01   2.6835392040E+01   2.6121311430E+01
Ti    3.0404883350E+01   2.1541489390E+01   2.8060649930E+01
Ti    1.9418161300E+01   2.9809567840E+01   3.3720112910E+01
Ti    2.1428008200E+01   2.9647008140E+01   2.7787267110E+01
Ti    3.0540678000E+01   2.1099811790E+01   3.4295473550E+01
Ti    2.7042175660E+01   2.7263174580E+01   2.9113220680E+01
Ti    3.0419909940E+01   2.0742100870E+01   3.1236806300E+01
Ti    1.9971680100E+01   3.0227245600E+01   3.0541051820E+01
Ti    2.7567675560E+01   2.4061313890E+01   3.8818158760E+01
Ti    2.2809816020E+01   2.8374684090E+01   3.8847132300E+01
Ti    2.8082403090E+01   2.3530118520E+01   3.5474627720E+01
Ti    1.8306806780E+01   2.2235829250E+01   3.6916144420E+01
Ti    2.5144101320E+01   1.9730752960E+01   2.5267840670E+01
Ti    2.5021820500E+01   3.0653627160E+01   3.7289797430E+01
Ti    2.5238072330E+01   2.8408785530E+01   2.4706287500E+01
Ti    2.5371069490E+01   2.1405573990E+01   3.7722060470E+01
Ti    3.0356174010E+01   2.5919324090E+01   3.7109805620E+01
Ti    2.0305628630E+01   2.3980325000E+01   2.4773195310E+01
Ti    2.0001086120E+01   2.5535934330E+01   3.6867311280E+01
Ti    3.0172375770E+01   2.4873911910E+01   2.5589770120E+01
Ti    2.3874392130E+01   1.8851431530E+01   3.6609722630E+01
Ti    2.2651770310E+01   2.8014295740E+01   3.5724914440E+01
Ti    2.7586388280E+01   2.3475901460E+01   3.2456409280E+01
Ti    2.7992053040E+01   2.2144652240E+01   2.6581278300E+01
Ti    1.8567799780E+01   2.3378917310E+01   3.4189437840E+01
Ti    2.5216143100E+01   2.0140305080E+01   2.8115601570E+01
Ti    2.4844170450E+01   3.0223367080E+01   3.3916182240E+01
Ti    2.4637118970E+01   2.9023860840E+01   2.7563870500E+01
Ti    2.5636423300E+01   2.1222002240E+01   3.4450345580E+01
Ti    3.0263055940E+01   2.5612489720E+01   3.3844259040E+01
Ti    1.9795592220E+01   2.4056592740E+01   2.7815070100E+01
Ti    2.1118740610E+01   2.5578019090E+01   3.4050318860E+01
Ti    3.0271187050E+01   2.5103396430E+01   2.8282243330E+01
Ti    2.4326220490E+01   1.8353678220E+01   3.3609387120E+01
Ti    2.2613457590E+01   2.6378644940E+01   2.5848087280E+01
Ti    2.2543809000E+01   2.7964390410E+01   3.2462138990E+01
Ti    1.9030572460E+01   2.1594675700E+01   3.0310950480E+01
Ti    2.7597203960E+01   2.3158798280E+01   2.9574793850E+01
Ti    2.5558594400E+01   2.0624000830E+01   3.1246965460E+01
Ti    2.4701739450E+01   2.9911640850E+01   3.0688200940E+01
Ti    2.9602565660E+01   2.5903450520E+01   3.1029827400E+01
Ti    2.0468785460E+01   2.4820957530E+01   3.1023880820E+01
Ti    2.3343278360E+01   1.7920940430E+01   2.9633389050E+01
Ti    2.2369850310E+01   2.7210651850E+01   2.9140517870E+01
Ti    2.8169510230E+01   1.9529424450E+01   3.5879854610E+01
Ti    1.7950386510E+01   2.7163855250E+01   3.4949015300E+01
Ti    3.0105829370E+01   3.0408512330E+01   3.6100488550E+01
Ti    2.0929585030E+01   2.0336457230E+01   3.7691133680E+01
Ti    2.7890806810E+01   1.8799279190E+01   3.2864434080E+01
Ti    1.8124491380E+01   2.7094570250E+01   3.1985320560E+01
Ti    2.1136182640E+01   2.0339168860E+01   2.8332971180E+01
Ti    2.9878562690E+01   3.0434378500E+01   3.3132520140E+01
Ti    2.9645474340E+01   2.8579131480E+01   2.7605124400E+01
Ti    2.0930310750E+01   2.0303959100E+01   3.4618695620E+01
Ti    1.8640273780E+01   2.7533932630E+01   2.8831925740E+01
Ti    2.8248405750E+01   1.8631290710E+01   2.9592912070E+01
Ti    2.1668020080E+01   2.0086713190E+01   3.1530222200E+01
Ti    2.9693415500E+01   2.9733019000E+01   3.0188661440E+01
Ti    2.2716612300E+01   2.3633935910E+01   3.8858460750E+01
Ti    2.5062822990E+01   2.6138533160E+01   4.0070381960E+01
Ti    2.2877492540E+01   2.3246708410E+01   3.5838713770E+01
Ti    2.5467227560E+01   2.3801637560E+01   2.4687106500E+01
Ti    2.5268186940E+01   2.5939458150E+01   3.7212348120E+01
Ti    2.2706963780E+01   2.1716337950E+01   2.6342391660E+01
Ti    2.3054031820E+01   2.2918186140E+01   3.2695981860E+01
Ti    2.5008840680E+01   2.4235261890E+01   2.7934467520E+01
Ti    2.5180278430E+01   2.5630836970E+01   3.4067972230E+01
Ti    2.2581245350E+01   2.2581238180E+01   2.9633492690E+01
Ti    2.4922008240E+01   2.5261052250E+01   3.0849486410E+01
O     3.0748989720E+01   3.1360896670E+01   3.4577811380E+01
O     3.0571838480E+01   3.1134841300E+01   3.1444383110E+01
O     3.0220739330E+01   3.0115933920E+01   2.8567833210E+01
O     3.1519093240E+01   2.7067551370E+01   3.8064690780E+01
O     2.5922948240E+01   3.1755928770E+01   3.8450894480E+01
O     3.1244763150E+01   2.6654503830E+01   3.5121562330E+01
O     2.5961224710E+01   3.1466705450E+01   3.5418031270E+01
O     3.0561084240E+01   2.6862898590E+01   3.2391251220E+01
O     3.1589068270E+01   2.5631392600E+01   2.6618746700E+01
O     2.1872527420E+01   3.3148014260E+01   3.4875657960E+01
O     2.8500752920E+01   1.7784445870E+01   3.4831639630E+01
O     3.3695103710E+01   2.5118074490E+01   3.5126603300E+01
O     1.6671475640E+01   2.7546521780E+01   3.3483579620E+01
O     2.5746385070E+01   2.9985021900E+01   2.5782558320E+01
O     2.5971842530E+01   3.0712798560E+01   3.2064935140E+01
O     3.0882595840E+01   2.6444967410E+01   2.9709881030E+01
O     2.8926156290E+01   1.7867971380E+01   3.1282160480E+01
O     2.1412864800E+01   3.3515410540E+01   3.1984851100E+01
O     3.3959538300E+01   2.3421830070E+01   3.2441327670E+01
O     1.7150452370E+01   2.7988905740E+01   3.0161942220E+01
O     2.5117982830E+01   3.0509632250E+01   2.8858702360E+01
O     3.1180762790E+01   2.2356670530E+01   3.5782538740E+01
O     2.0149167320E+01   3.0632399680E+01   3.5335362390E+01
O     3.1371405480E+01   2.1867896100E+01   3.2324284240E+01
O     3.2167988330E+01   2.3101185260E+01   2.6421199330E+01
O     2.3708885130E+01   1.6218188610E+01   2.8797943630E+01
O     2.6928370710E+01   3.3502885110E+01   3.3401516150E+01
O     2.6573143230E+01   3.2351602490E+01   2.7177874190E+01
O     2.4694534790E+01   1.7754423050E+01   3.5377239020E+01
O     3.3997992420E+01   2.8871160390E+01   3.3582790270E+01
O     1.7526027820E+01   2.1246001900E+01   2.9282666170E+01
O     1.7102635810E+01   2.3076807880E+01   3.5585749650E+01
O     3.3750918830E+01   2.6767440580E+01   2.8252315410E+01
O     2.1513021670E+01   3.1660972200E+01   2.6639841740E+01
O     2.0589778410E+01   3.0946432530E+01   3.2550755300E+01
O     3.0862691870E+01   2.2209358210E+01   2.9922225520E+01
O     2.3686194620E+01   1.7477921120E+01   3.1787534740E+01
O     2.6340276580E+01   3.2614586330E+01   3.0286337110E+01
O     3.4018748620E+01   2.7846931360E+01   3.0881579630E+01
O     1.7926341890E+01   2.2164734480E+01   3.2782326450E+01
O     2.1474178380E+01   3.1189942960E+01   2.9155505510E+01
O     2.6197739460E+01   2.7108609980E+01   3.8706797980E+01
O     2.5689921400E+01   2.6915839350E+01   3.5497232720E+01
O     2.6292825260E+01   2.4479316760E+01   2.2898200400E+01
O     2.0225818010E+01   1.9455279020E+01   3.6132193430E+01
O     2.9548624690E+01   2.0892467010E+01   2.6422011350E+01
O     2.1662876780E+01   2.9152523320E+01   3.7020501680E+01
O     2.1792549150E+01   2.7285813450E+01   2.4280537620E+01
O     2.8943035640E+01   2.2818130610E+01   3.7500245640E+01
O     2.5676015900E+01   2.6355546970E+01   3.2329866620E+01
O     2.5830830100E+01   2.5455748210E+01   2.6153132310E+01
O     2.0546608000E+01   1.9306262840E+01   3.3005391750E+01
O     2.8622261970E+01   2.1987273290E+01   2.8421056070E+01
O     2.1270636490E+01   2.8619983200E+01   3.3875850120E+01
O     2.1569978390E+01   2.7703565500E+01   2.7295608940E+01
O     2.8828215760E+01   2.2385217690E+01   3.4021595200E+01
O     2.0482660840E+01   1.8729947270E+01   3.0394736520E+01
O     2.5814361240E+01   2.5765532380E+01   2.9019844890E+01
O     2.8515775440E+01   2.1986840680E+01   3.1083529860E+01
O     2.1523167290E+01   2.8515470940E+01   3.0840876490E+01
O     2.6356014850E+01   2.2420299820E+01   3.8864640390E+01
O     1.8884644740E+01   2.3843805030E+01   3.7569795090E+01
O     2.8625120950E+01   3.1093423780E+01   3.9193462040E+01
O     2.1561277180E+01   2.4346780400E+01   4.0659224280E+01
O     2.8039127680E+01   3.0453915960E+01   3.9048349600E+01
O     2.0812431090E+01   2.4370089440E+01   4.0219655870E+01
O     2.4699364920E+01   1.9442873320E+01   3.8430321840E+01
O     2.1197392320E+01   2.6799633090E+01   3.8407751520E+01
O     2.6468740140E+01   2.2275950650E+01   3.6057633290E+01
O     1.9624894020E+01   2.4610605910E+01   3.5235316130E+01
O     2.3556212390E+01   2.0468653310E+01   2.5044597970E+01
O     2.6816594660E+01   2.9342645980E+01   3.6820246900E+01
O     2.6453296330E+01   2.7197982410E+01   2.4193818960E+01
O     2.3812272310E+01   2.2567637780E+01   3.7730693470E+01
O     2.8638951590E+01   2.7194580120E+01   3.6694246700E+01
O     2.1388317720E+01   2.2450642170E+01   2.5156598850E+01
O     2.1758455900E+01   2.4189582860E+01   3.7146917070E+01
O     2.8863205840E+01   2.5743426380E+01   2.4592598610E+01
O     2.4700667200E+01   2.0484298940E+01   3.6011743190E+01
O     2.1259515350E+01   2.6475471600E+01   3.5767357990E+01
O     1.8920495270E+01   2.3903136240E+01   2.6082310660E+01
O     2.6390412370E+01   2.2030089220E+01   3.2544726900E+01
O     2.6334355590E+01   2.0886908560E+01   2.6123009490E+01
O     1.9889211160E+01   2.4006510260E+01   3.2870806190E+01
O     2.3235909080E+01   2.1137655400E+01   2.8130889220E+01
O     2.6545999730E+01   2.8776299950E+01   3.3800450900E+01
O     2.6281870160E+01   2.8013850240E+01   2.7339545830E+01
O     2.4159599230E+01   2.2450210550E+01   3.4228278880E+01
O     2.8413320300E+01   2.6889148920E+01   3.3939559600E+01
O     2.1241717340E+01   2.2499483220E+01   2.7833388680E+01
O     2.2031785250E+01   2.3837964440E+01   3.4108354900E+01
O     2.8518654490E+01   2.6234076670E+01   2.7632430990E+01
O     2.4631937570E+01   2.0083377130E+01   3.2905553320E+01
O     2.1099920900E+01   2.5039220800E+01   2.6195840440E+01
O     2.1400765440E+01   2.6179325860E+01   3.2228371030E+01
O     2.4798647560E+01   1.8644494380E+01   2.6785751330E+01
O     1.9236587990E+01   2.3415475480E+01   2.9889993740E+01
O     2.6016601020E+01   2.1618069640E+01   2.9672986510E+01
O     2.3439534730E+01   2.1408359270E+01   3.1047967700E+01
O     2.5937742210E+01   2.8496286170E+01   3.0780287120E+01
O     2.7874755470E+01   2.6640560860E+01   3.0789238370E+01
O     2.1987557810E+01   2.3642527620E+01   3.1282030410E+01
O     2.4714446840E+01   1.9215286740E+01   2.9774254040E+01
O     2.1112729400E+01   2.5194501140E+01   2.9042237760E+01
O     1.8653428920E+01   2.8752168870E+01   3.5602964230E+01
O     3.1980839110E+01   2.9380884500E+01   3.5858656080E+01
O     1.9078088030E+01   2.1060662940E+01   3.8134574970E+01
O     2.8832921450E+01   3.2321588390E+01   3.6044126350E+01
O     2.2343658150E+01   1.9170418670E+01   3.7596508120E+01
O     2.9914614660E+01   2.0116669670E+01   3.6038668770E+01
O     2.1884798410E+01   3.2414667770E+01   2.6373611490E+01
O     2.6186264830E+01   1.7931192970E+01   3.3097067370E+01
O     1.8943516700E+01   2.9145941900E+01   3.1723874400E+01
O     1.9637969120E+01   1.9559730440E+01   2.9512319340E+01
O     3.1468074460E+01   2.9164122610E+01   3.3141098650E+01
O     3.1471742360E+01   2.8067682430E+01   2.7807473220E+01
O     1.9335660580E+01   2.1802171400E+01   3.4920038570E+01
O     2.8422133560E+01   3.1586460130E+01   3.3434151470E+01
O     2.1687359950E+01   1.8858063590E+01   2.9589015460E+01
O     2.2721486230E+01   1.8932264880E+01   3.4640831860E+01
O     2.7978269730E+01   3.0189043670E+01   2.7625276640E+01
O     2.9886315130E+01   1.9943552150E+01   3.2879873520E+01
O     1.7463596920E+01   2.5059402970E+01   3.2810966650E+01
O     3.1929554890E+01   2.2569932050E+01   2.7047843460E+01
O     1.9742451260E+01   2.9124200370E+01   2.8928334410E+01
O     2.7607427790E+01   1.7024742300E+01   2.9066111500E+01
O     1.8127850360E+01   2.2039667030E+01   3.1918745680E+01
O     3.1749213420E+01   2.9026839400E+01   3.0493605870E+01
O     2.8014597790E+01   3.0763406430E+01   3.0240147980E+01
O     2.2810564420E+01   1.7489431090E+01   3.1805577110E+01
O     2.9811356200E+01   1.9846810270E+01   2.9393487190E+01
O     1.7644881770E+01   2.8277361590E+01   2.7387598670E+01
O     2.1527374020E+01   2.1953725010E+01   3.8753745340E+01
O     2.4271182540E+01   2.4912893880E+01   3.8957679740E+01
O     2.6634515710E+01   2.5005281180E+01   4.0181614270E+01
O     2.3635278060E+01   2.7360799310E+01   4.0282485110E+01
O     2.4826172570E+01   2.2293626900E+01   2.3602069990E+01
O     2.1757920610E+01   2.1425055110E+01   3.5989702420E+01
O     2.4078143940E+01   2.4730936490E+01   3.5684617300E+01
O     2.3529844590E+01   2.5052515480E+01   2.4717392400E+01
O     2.6963675000E+01   2.4734877500E+01   3.7053749330E+01
O     2.7135359160E+01   2.3263637960E+01   2.5296125300E+01
O     2.3870102540E+01   2.7322456520E+01   3.7382479250E+01
O     2.4340844110E+01   2.2952274350E+01   2.6278073680E+01
O     2.1979325100E+01   2.1428006910E+01   3.3142678610E+01
O     2.1282392550E+01   2.0149888050E+01   2.6604054780E+01
O     2.4386613330E+01   2.4429730530E+01   3.2438842960E+01
O     2.3419278290E+01   2.5815995630E+01   2.7780209410E+01
O     2.6726770230E+01   2.4279535700E+01   3.4136198070E+01
O     2.6948686940E+01   2.3616327680E+01   2.7844399430E+01
O     2.3185798290E+01   2.6659907980E+01   3.4034654170E+01
O     2.4095846330E+01   2.3681906160E+01   2.9392488530E+01
O     2.0941258670E+01   2.1325414200E+01   3.0323668520E+01
O     2.3555912620E+01   2.6578716330E+01   3.0906069920E+01
O     2.6749785270E+01   2.4187324700E+01   3.0860431510E+01
O     2.4169521010E+01   2.9655641170E+01   3.8605570830E+01
O     2.9355044520E+01   2.5161343180E+01   3.8657793000E+01
O     2.4257052410E+01   2.9371515010E+01   3.5606179950E+01
O     3.2101589690E+01   2.4599256160E+01   3.7181530190E+01
O     1.8318750110E+01   2.6483096470E+01   3.6755326760E+01
O     2.3295643590E+01   3.1437296320E+01   3.7268766530E+01
O     2.7200667540E+01   2.0101839150E+01   3.7326178120E+01
O     2.9434760980E+01   2.4849778100E+01   3.5541324040E+01
O     2.4077157980E+01   2.7606717060E+01   2.5892331530E+01
O     2.3917687160E+01   2.9229507300E+01   3.2532247670E+01
O     1.8712664470E+01   2.5792609490E+01   2.8033374900E+01
O     3.1699338690E+01   2.4322248520E+01   3.3854983020E+01
O     3.2144919040E+01   2.4146795290E+01   2.8955371330E+01
O     1.9298188650E+01   2.6789338520E+01   3.3682766820E+01
O     2.2746508150E+01   3.0860516340E+01   3.4435713330E+01
O     2.7085883770E+01   1.9648587470E+01   2.8405872550E+01
O     2.7254119130E+01   2.0104777400E+01   3.4144592960E+01
O     2.2938919830E+01   2.9777731120E+01   2.6682035710E+01
O     2.9272745400E+01   2.4412935610E+01   3.2286154710E+01
O     2.9785862700E+01   2.3526790510E+01   2.6844225190E+01
O     2.3644067990E+01   2.8784455280E+01   2.9237673530E+01
O     1.9146508860E+01   2.6218821400E+01   3.0619526300E+01
O     3.2144312470E+01   2.4962995580E+01   3.1501834870E+01
O     2.3152675340E+01   3.1799368810E+01   3.1239560770E+01
O     2.7135638570E+01   1.9474146500E+01   3.1146861090E+01
O     2.9056824470E+01   2.4355118850E+01   2.9424396870E+01
O     2.0093848860E+01   3.1293738870E+01   3.7710351430E+01
O     3.3788640080E+01   2.2113407430E+01   3.5862759120E+01
O     2.4307523360E+01   3.2407256730E+01   3.3693169560E+01
O     3.5060685620E+01   2.6304869380E+01   3.2725176110E+01
O     2.1443575720E+01   3.4798728540E+01   2.9787443700E+01
O     3.3587987930E+01   2.1876707720E+01   3.0206998540E+01
O     2.9800534870E+01   2.9179613090E+01   3.7605224740E+01
O     2.9171171180E+01   2.9315940850E+01   3.4944391890E+01
O     2.8771488500E+01   2.8642495780E+01   2.5803558560E+01
O     2.8820262030E+01   2.8857004700E+01   3.2091679130E+01
O     3.2326142020E+01   2.0528687120E+01   3.4308383630E+01
O     1.7738356280E+01   3.0467274900E+01   3.3796677450E+01
O     2.8669843080E+01   2.8304861760E+01   2.9321429900E+01
O     1.9212349550E+01   3.1932319690E+01   3.0212898590E+01
O     3.1876262730E+01   1.9476499870E+01   3.0614978690E+01
O     2.8914523030E+01   3.3410036000E+01   3.1163346170E+01
O     3.3640572410E+01   3.1299245500E+01   3.2091479700E+01
