Ti    5.3966080060E+01   5.9596075380E+01   5.7046092790E+01
Ti    4.3022867500E+01   6.2207801080E+01   5.7736260430E+01
Ti    5.3864521490E+01   5.9301452060E+01   5.1982855750E+01
Ti    4.2585646410E+01   4.9499881830E+01   5.4678501470E+01
Ti    5.3958424660E+01   5.2354995200E+01   5.4716245350E+01
Ti    4.2313467630E+01   6.1938263050E+01   5.2045693040E+01
Ti    4.2043126740E+01   4.9891333820E+01   4.9561413970E+01
Ti    5.4193644160E+01   5.2480535890E+01   4.9610245540E+01
Ti    5.3706995030E+01   5.3722168300E+01   5.7395923080E+01
Ti    4.2710503740E+01   5.5049848790E+01   5.9978183180E+01
Ti    4.2392180970E+01   5.6689044220E+01   5.7576470010E+01
Ti    5.4313843480E+01   5.3953025520E+01   5.2150779650E+01
Ti    4.2366495750E+01   5.5122149990E+01   5.4887236940E+01
Ti    5.4287688730E+01   5.7796366090E+01   5.4661174470E+01
Ti    4.2318048990E+01   5.6693265660E+01   5.2249186930E+01
Ti    4.2320203000E+01   5.5310703070E+01   4.9516765600E+01
Ti    5.3961152610E+01   5.7938433060E+01   4.9373752030E+01
Ti    4.2646578760E+01   5.6634658150E+01   4.6659373610E+01
Ti    4.4062830490E+01   6.1347219060E+01   6.0217325440E+01
Ti    4.2630425840E+01   5.1038872020E+01   5.7468899600E+01
Ti    4.2487915790E+01   6.0655009390E+01   5.5067739900E+01
Ti    4.2273683570E+01   5.1123926850E+01   5.2276807870E+01
Ti    4.2583136840E+01   6.0725506540E+01   4.9411535990E+01
Ti    4.4607439840E+01   6.4753179610E+01   5.2079787590E+01
Ti    4.9381466210E+01   6.4848449630E+01   5.3052150060E+01
Ti    4.4641723430E+01   5.9262431460E+01   5.7620329410E+01
Ti    4.9413437430E+01   5.9524447050E+01   4.8082479870E+01
Ti    4.4846663260E+01   5.2187919270E+01   5.9925456490E+01
Ti    4.7143322670E+01   6.2036890160E+01   4.8264565750E+01
Ti    5.1358007700E+01   6.1939276070E+01   5.7379776430E+01
Ti    4.7115966590E+01   4.9148646140E+01   5.0666940250E+01
Ti    4.4598042240E+01   5.9487941330E+01   5.2304795180E+01
Ti    4.9163487990E+01   5.9446915890E+01   5.3383551110E+01
Ti    5.1592334060E+01   4.9595120700E+01   5.4557585840E+01
Ti    4.4683474130E+01   5.2236153160E+01   5.4793585590E+01
Ti    4.7126508820E+01   6.2212288680E+01   5.3225143870E+01
Ti    5.1600393160E+01   6.2055751270E+01   5.2111002430E+01
Ti    4.9381495890E+01   5.2107820460E+01   5.0630675340E+01
Ti    4.7035984110E+01   4.9133801990E+01   5.5978867740E+01
Ti    4.4901899750E+01   5.9316594670E+01   4.6829198010E+01
Ti    4.9336560490E+01   5.9451184450E+01   5.8845336400E+01
Ti    4.4598762490E+01   5.2190832880E+01   4.9601343690E+01
Ti    4.6638894120E+01   6.2086709470E+01   5.8829695430E+01
Ti    4.9230616710E+01   5.2221748060E+01   5.5915132410E+01
Ti    4.9395279730E+01   5.2408452170E+01   6.1173081100E+01
Ti    4.7228393500E+01   5.4766691970E+01   4.5332261560E+01
Ti    4.4575603590E+01   5.3882898910E+01   5.7343777400E+01
Ti    4.9450387770E+01   5.3533239540E+01   4.7766854600E+01
Ti    5.1730686140E+01   5.5128796380E+01   5.9883595030E+01
Ti    4.4848651070E+01   5.7769596470E+01   6.0509417880E+01
Ti    4.7214754490E+01   5.6562555900E+01   4.7903382050E+01
Ti    5.1770311660E+01   5.6885155580E+01   5.7393040220E+01
Ti    4.9477867320E+01   5.7795669330E+01   4.5572952520E+01
Ti    4.7068739420E+01   5.4910591530E+01   5.0480754000E+01
Ti    4.4561880690E+01   5.3963180610E+01   5.2209692800E+01
Ti    4.9368841320E+01   5.3910135210E+01   5.3166135800E+01
Ti    5.1694688130E+01   5.5002175790E+01   5.4844590910E+01
Ti    4.4586089380E+01   5.7704084600E+01   5.4933239620E+01
Ti    4.7052310740E+01   5.6709505430E+01   5.3170882120E+01
Ti    5.1843462200E+01   5.6647683370E+01   5.2235609010E+01
Ti    4.9415723680E+01   5.7678370050E+01   5.0618629430E+01
Ti    4.7133392710E+01   5.4986413370E+01   5.5846568210E+01
Ti    4.4568588590E+01   5.3759847740E+01   4.6405287850E+01
Ti    4.9275132490E+01   5.3839638560E+01   5.8530023050E+01
Ti    5.1831048480E+01   5.4871925020E+01   4.9582136600E+01
Ti    4.4619838100E+01   5.7742078690E+01   4.9556263320E+01
Ti    4.7052382260E+01   5.6535613460E+01   5.8514922450E+01
Ti    5.1580476130E+01   5.6569326210E+01   4.7022605500E+01
Ti    4.9247578080E+01   5.7817723720E+01   5.5929219640E+01
Ti    4.6986360790E+01   5.4743973920E+01   6.1217986950E+01
Ti    4.9219565880E+01   5.7282548830E+01   6.1171013750E+01
Ti    4.7192178700E+01   6.0449751930E+01   4.5315922050E+01
Ti    4.7051885060E+01   5.1022259130E+01   4.8224543060E+01
Ti    5.1629841280E+01   5.1074946870E+01   5.7516892760E+01
Ti    4.7037081190E+01   6.0440051530E+01   5.0718185300E+01
Ti    4.4494062470E+01   4.8598420010E+01   5.2032529980E+01
Ti    4.9318888510E+01   4.8610967660E+01   5.3188696490E+01
Ti    5.1781453850E+01   6.0610268060E+01   5.4714368870E+01
Ti    4.4440066800E+01   6.3393621720E+01   5.4646637020E+01
Ti    4.7019059470E+01   5.1154795250E+01   5.3260644490E+01
Ti    5.1964650170E+01   5.0901126490E+01   5.1885117610E+01
Ti    4.9241486870E+01   6.3355540610E+01   5.0552552440E+01
Ti    4.7037985260E+01   6.0466642310E+01   5.5965443230E+01
Ti    5.1770136190E+01   6.0472198860E+01   4.9433913240E+01
Ti    4.4422667100E+01   6.3288837430E+01   4.9720117550E+01
Ti    4.7255033100E+01   5.0647323850E+01   5.8860007490E+01
Ti    4.9185213020E+01   6.3104385550E+01   5.5966952840E+01
Ti    4.7324054210E+01   6.0240580590E+01   6.1180548610E+01
Ti    4.0047820390E+01   5.9449953740E+01   5.3327938290E+01
Ti    4.0131031180E+01   5.2567833110E+01   5.0802202010E+01
Ti    4.0057705240E+01   5.2344843920E+01   5.5907581130E+01
Ti    4.2079293410E+01   5.2985509050E+01   4.7794696380E+01
Ti    3.9655663650E+01   5.4030523540E+01   5.3402381430E+01
Ti    3.9925921950E+01   5.8044186540E+01   5.0731412700E+01
Ti    4.0104342400E+01   5.3621488090E+01   5.8545193540E+01
Ti    4.0027661050E+01   5.7940448290E+01   5.6089237780E+01
O     5.5182887810E+01   5.9273390300E+01   5.5661565560E+01
O     4.2044346460E+01   6.2625894030E+01   5.6065772070E+01
O     5.5025397220E+01   5.9264602950E+01   5.0448395160E+01
O     4.1303997840E+01   4.9724558770E+01   5.3246357330E+01
O     5.5159234200E+01   5.2565109290E+01   5.3261154940E+01
O     4.1237111840E+01   6.1720030400E+01   5.0456729400E+01
O     5.5039780130E+01   5.3346960520E+01   5.6048156730E+01
O     4.1244512510E+01   5.5123382230E+01   5.8731126730E+01
O     4.1103924760E+01   5.6403363120E+01   5.5758289730E+01
O     5.5378794220E+01   5.3590509650E+01   5.0562164060E+01
O     4.1119565380E+01   5.5333823020E+01   5.3033760030E+01
O     5.5177816660E+01   5.8333682310E+01   5.3048049460E+01
O     4.1133101070E+01   5.6549491870E+01   5.0341584400E+01
O     4.1508478450E+01   5.4878948090E+01   4.7476750310E+01
O     4.2344711320E+01   6.1908374750E+01   5.9508101360E+01
O     4.1097307380E+01   5.0723892680E+01   5.5841880500E+01
O     4.1121670120E+01   6.1063402500E+01   5.3322047900E+01
O     4.0766909810E+01   5.0765609630E+01   5.0622991740E+01
O     4.0929884820E+01   5.9655618030E+01   4.8355575510E+01
O     4.3884287460E+01   6.5070049990E+01   5.3827327580E+01
O     4.5034585820E+01   6.5041164160E+01   5.0217191240E+01
O     4.6271086520E+01   5.8742872340E+01   6.1310611250E+01
O     4.7121247120E+01   5.0164465470E+01   4.6142065280E+01
O     4.5746759310E+01   5.9089419040E+01   5.5669372080E+01
O     5.0401035790E+01   5.9193878420E+01   4.9768321060E+01
O     5.1992972290E+01   4.9881483760E+01   5.8842796260E+01
O     4.5925835410E+01   5.2404346830E+01   5.8366904090E+01
O     4.5909959110E+01   6.2107673870E+01   4.9699762850E+01
O     5.0391767080E+01   6.1655645560E+01   5.5722301950E+01
O     5.0668244180E+01   5.2245898390E+01   4.7149947820E+01
O     4.5872896940E+01   4.9810836410E+01   5.2411179740E+01
O     4.5720285900E+01   5.9111408820E+01   5.0397494270E+01
O     5.0412646550E+01   5.9136603160E+01   5.4916568800E+01
O     5.0555232870E+01   5.0046432000E+01   5.3006428830E+01
O     4.5695018070E+01   5.2568070350E+01   5.3083478530E+01
O     4.5888763220E+01   6.2188838650E+01   5.5086759640E+01
O     5.0849582800E+01   6.2297020260E+01   5.0260836700E+01
O     5.0465395700E+01   5.2545711840E+01   5.2276687900E+01
O     4.6153718020E+01   4.9566053670E+01   5.7663555890E+01
O     4.5811195550E+01   5.9242693550E+01   4.5082308960E+01
O     4.9306936670E+01   5.9216544200E+01   6.1090666180E+01
O     4.5634726950E+01   5.2207649260E+01   4.7612270820E+01
O     4.5898411910E+01   6.1505258870E+01   6.0875059110E+01
O     5.0404121090E+01   5.2441656990E+01   5.7814942140E+01
O     4.5572945450E+01   5.3431394720E+01   6.1210381550E+01
O     4.7539403910E+01   5.5463223180E+01   4.3642048100E+01
O     5.0822656070E+01   5.6320169590E+01   6.1114992100E+01
O     4.6136418810E+01   5.5257835640E+01   4.6879635290E+01
O     4.5723194290E+01   5.3631096380E+01   5.5722322860E+01
O     5.0466779140E+01   5.3529565680E+01   4.9762996090E+01
O     5.0549572110E+01   5.5270968180E+01   5.8366429050E+01
O     4.5818436170E+01   5.7978694990E+01   5.8484499870E+01
O     4.5904358080E+01   5.6307837750E+01   4.9707322950E+01
O     5.0668176620E+01   5.6456090090E+01   5.5778029130E+01
O     5.0417416820E+01   5.8056361630E+01   4.7241554830E+01
O     4.5912614650E+01   5.5316857340E+01   5.2363999200E+01
O     4.5740290790E+01   5.3537731160E+01   5.0348027770E+01
O     5.0475628150E+01   5.3526984460E+01   5.5082874620E+01
O     5.0723052500E+01   5.5289705110E+01   5.3120218590E+01
O     4.5720302960E+01   5.8081832610E+01   5.3039547180E+01
O     4.5899924310E+01   5.6314283580E+01   5.5048889840E+01
O     5.0702857210E+01   5.6287377590E+01   5.0338582180E+01
O     5.0469265290E+01   5.7990315240E+01   5.2296542090E+01
O     4.5900462430E+01   5.5226590890E+01   5.7701930490E+01
O     4.5811797340E+01   5.3518919860E+01   4.4976955080E+01
O     5.0581151440E+01   5.3601377450E+01   6.0364089100E+01
O     5.0702956760E+01   5.5037954150E+01   4.7640968240E+01
O     4.5903961890E+01   5.8006296150E+01   4.7728987180E+01
O     4.5858972500E+01   5.6136559930E+01   6.0389761760E+01
O     5.1062293130E+01   5.6776851750E+01   4.5169103160E+01
O     5.0450735050E+01   5.8205155850E+01   5.7789480240E+01
O     4.6242516590E+01   6.1137934250E+01   4.6813943910E+01
O     4.5768820120E+01   4.7890578240E+01   5.5403239570E+01
O     5.0608642720E+01   6.0846556480E+01   5.8670885650E+01
O     4.7276555600E+01   6.3773178950E+01   5.9295175760E+01
O     4.5847411830E+01   5.0744735360E+01   4.9726259120E+01
O     5.0715895410E+01   5.0531792070E+01   5.5931780900E+01
O     4.5964043420E+01   6.0880655590E+01   5.2347503250E+01
O     4.5703503770E+01   4.7831611560E+01   5.0762034130E+01
O     5.0693570950E+01   4.7894360290E+01   5.4322516470E+01
O     5.0439541880E+01   6.0829820600E+01   5.2926041950E+01
O     4.5890613730E+01   6.3679812280E+01   5.2934998260E+01
O     4.5987123740E+01   5.0846232560E+01   5.4980740850E+01
O     5.0754292020E+01   5.0802082250E+01   5.0375418120E+01
O     5.0676579350E+01   6.3764241690E+01   5.2263812040E+01
O     4.5990718610E+01   6.0663919840E+01   5.7598465350E+01
O     5.0729130360E+01   6.0887733710E+01   4.7851983420E+01
O     4.6016366720E+01   5.0705218610E+01   6.0334227580E+01
O     5.0489903220E+01   6.3656155110E+01   5.7258817360E+01
O     4.0835155220E+01   5.9286992530E+01   4.9125389890E+01
O     4.1020772020E+01   5.9476796200E+01   5.5363715050E+01
O     4.1144857770E+01   5.2656058060E+01   5.2418851070E+01
O     4.1141931480E+01   5.2215707240E+01   5.7894583260E+01
O     4.1104666220E+01   5.3447438620E+01   4.9490044050E+01
O     5.5508966390E+01   5.7227751250E+01   4.8632019590E+01
O     4.0993571210E+01   5.7098218590E+01   4.5944902670E+01
O     5.5285080020E+01   5.5434474590E+01   5.2700724620E+01
O     4.1093604450E+01   5.3689604300E+01   5.5103672010E+01
O     5.5355126160E+01   5.6430692280E+01   5.5329935350E+01
O     4.1012477930E+01   5.8096459590E+01   5.2400297120E+01
O     4.1091806750E+01   5.8079147950E+01   5.7745998350E+01
O     5.4636011380E+01   5.9740953880E+01   5.8725532790E+01
O     4.4688402310E+01   6.2472973600E+01   5.8753729820E+01
O     5.3014192490E+01   5.9442884860E+01   5.3780989170E+01
O     4.3157798720E+01   4.9439724000E+01   5.6528386690E+01
O     5.3056805000E+01   5.2037961760E+01   5.6754971030E+01
O     4.3353389510E+01   6.2194076600E+01   5.3714077170E+01
O     5.3104916060E+01   5.9441005650E+01   4.8581928610E+01
O     4.3140117940E+01   4.9456721070E+01   5.1035789460E+01
O     5.3248811590E+01   5.2177881950E+01   5.1235023710E+01
O     4.3192247790E+01   6.2347261140E+01   4.8641614220E+01
O     5.3204799760E+01   5.4037966430E+01   5.9199416850E+01
O     4.2311895740E+01   5.4842234350E+01   6.1731542120E+01
O     4.3285011080E+01   5.6733726640E+01   5.9301291890E+01
O     5.3023030480E+01   5.3840560000E+01   5.3986248670E+01
O     4.3229614710E+01   5.5084196080E+01   5.6628624480E+01
O     5.3095750520E+01   5.7976774260E+01   5.6559309080E+01
O     3.8369092180E+01   5.7128970100E+01   5.0478651730E+01
O     4.3215070890E+01   5.6699014850E+01   5.3967274640E+01
O     3.8467876420E+01   5.5279009870E+01   5.4087973760E+01
O     5.3097158270E+01   5.3688688070E+01   4.8705892860E+01
O     4.3267874520E+01   5.4990178110E+01   5.1162906380E+01
O     5.3104174680E+01   5.7727692350E+01   5.1160606660E+01
O     3.8455016570E+01   5.7651821100E+01   5.7058625990E+01
O     4.3241091720E+01   5.6727877220E+01   4.8530603600E+01
O     4.3667795860E+01   5.5332891850E+01   4.5780712560E+01
O     4.3441348910E+01   5.1068269170E+01   5.9179028730E+01
O     4.3329760690E+01   6.0529807940E+01   5.6838288230E+01
O     4.3331611000E+01   5.1110491850E+01   5.3928742980E+01
O     4.3333832470E+01   6.0527119250E+01   5.1204786190E+01
O     4.2792761860E+01   5.1314088210E+01   4.8606335830E+01
O     4.8550563390E+01   6.4972271250E+01   5.1375924820E+01
O     4.4068075060E+01   5.9598690720E+01   5.9486119660E+01
O     4.8714710040E+01   5.9546713250E+01   4.5946948950E+01
O     4.7716196940E+01   4.9309190410E+01   4.8857272320E+01
O     4.3641268440E+01   5.9517177320E+01   5.4004710920E+01
O     4.8316732660E+01   5.9354640700E+01   5.1626729710E+01
O     4.3737337420E+01   5.2260948930E+01   5.6532160450E+01
O     4.8126513230E+01   6.2202194410E+01   5.1565459790E+01
O     5.2552438630E+01   6.2138251810E+01   5.3774680670E+01
O     4.8435401880E+01   5.2157684600E+01   4.8860021130E+01
O     4.7980293410E+01   4.9380669810E+01   5.4243077490E+01
O     4.3848133760E+01   5.9574737500E+01   4.8498484710E+01
O     4.8382601310E+01   5.9384259590E+01   5.6826937700E+01
O     5.2902004050E+01   4.9336528420E+01   5.1487477710E+01
O     4.3626599500E+01   5.2153934700E+01   5.1271016900E+01
O     4.7815918030E+01   6.2320916790E+01   5.6951030280E+01
O     4.8394188980E+01   5.2174244980E+01   5.4182627420E+01
O     4.8335980350E+01   4.9235568260E+01   5.9436542760E+01
O     4.3002779560E+01   5.2686397370E+01   4.6138177230E+01
O     4.8482215660E+01   5.2012015140E+01   5.9573881140E+01
O     4.3818375130E+01   5.3759586260E+01   5.9159129090E+01
O     4.8545300000E+01   5.3715946070E+01   4.6119585660E+01
O     4.3729333050E+01   5.7635164640E+01   6.1973045240E+01
O     4.8149814140E+01   5.6625423270E+01   4.6192119110E+01
O     5.2629515740E+01   5.6672250980E+01   5.9091999040E+01
O     4.8034436220E+01   5.4951490720E+01   4.8802862790E+01
O     4.3621525540E+01   5.3989369350E+01   5.3894614530E+01
O     4.8352783480E+01   5.3888249390E+01   5.1522029280E+01
O     5.2719149590E+01   5.5055101670E+01   5.6521771670E+01
O     4.3710210870E+01   5.7785564540E+01   5.6670070160E+01
O     4.8039954340E+01   5.6638938310E+01   5.1517972980E+01
O     5.2828949480E+01   5.6698251180E+01   5.3902424110E+01
O     4.8415862350E+01   5.7704671840E+01   4.8932448270E+01
O     4.8055717630E+01   5.4970678200E+01   5.4158493870E+01
O     4.3687957350E+01   5.3869016120E+01   4.8470767300E+01
O     4.8363303230E+01   5.3759307730E+01   5.6804605090E+01
O     5.2830921230E+01   5.4908619790E+01   5.1252582040E+01
O     4.3642290550E+01   5.7750982320E+01   5.1248618500E+01
O     4.7991913130E+01   5.6560216540E+01   5.6794652800E+01
O     5.2790150520E+01   5.6606530690E+01   4.8518846950E+01
O     4.8328326820E+01   5.7810787460E+01   5.4198980410E+01
O     4.7894347800E+01   5.4729205820E+01   5.9534175290E+01
O     4.8185616120E+01   5.3461194400E+01   6.2080634530E+01
O     4.3509498460E+01   5.8241586510E+01   4.6143165600E+01
O     4.7956716340E+01   5.6223522620E+01   6.2064453950E+01
O     4.8489220700E+01   5.7451885620E+01   5.9426920900E+01
O     4.7821886890E+01   5.0662157030E+01   4.6139838300E+01
O     4.7964350890E+01   6.0477786340E+01   4.8974976980E+01
O     4.3645710060E+01   4.8246194860E+01   5.3695277470E+01
O     4.8504983430E+01   4.8191829030E+01   5.1549297170E+01
O     5.2726854400E+01   6.0919300230E+01   5.6449817940E+01
O     4.3294331270E+01   6.3392437410E+01   5.6211856360E+01
O     4.8023222660E+01   5.1012076800E+01   5.1542510500E+01
O     5.2898501870E+01   5.0889423020E+01   5.3947334430E+01
O     4.8437666180E+01   6.3304383360E+01   4.8827690720E+01
O     4.7942202100E+01   6.0698855610E+01   5.4231561030E+01
O     4.8352029740E+01   4.7981477630E+01   5.6649642720E+01
O     5.2713599030E+01   6.0715258830E+01   5.1186714110E+01
O     4.3428523810E+01   6.3401442730E+01   5.1369483610E+01
O     4.8125312770E+01   5.0922597750E+01   5.6814310290E+01
O     5.4888565390E+01   5.1073710010E+01   4.8680457660E+01
O     4.8524655010E+01   6.3651005290E+01   5.4243705430E+01
O     4.7902293710E+01   6.0681638560E+01   5.9409156250E+01
O     3.9144216370E+01   5.9588771610E+01   5.1651710870E+01
O     3.8967574970E+01   5.2448145820E+01   5.4351519750E+01
O     3.8841318520E+01   5.3637317990E+01   5.1695523000E+01
O     3.8962649380E+01   5.3441125290E+01   5.7081550530E+01
O     3.8981831270E+01   5.8338243060E+01   5.4454801730E+01
