Ti    5.2879756460E+01   6.0577383840E+01   5.7567719030E+01
Ti    4.3281177860E+01   6.2726035300E+01   5.7538605580E+01
Ti    5.3023769570E+01   5.8582094370E+01   5.2194137520E+01
Ti    4.2580044270E+01   4.9462641850E+01   5.5230985070E+01
Ti    5.4061317680E+01   5.2885320740E+01   5.4548577150E+01
Ti    4.2252663140E+01   6.2167271200E+01   5.1617324240E+01
Ti    4.1401503900E+01   5.0229597490E+01   5.0060464120E+01
Ti    5.4579570050E+01   5.2436308050E+01   4.9783694910E+01
Ti    5.3808659850E+01   5.3608259690E+01   5.7387423330E+01
Ti    4.3066657660E+01   5.4972941390E+01   6.0290616010E+01
Ti    4.3485518510E+01   5.6605663680E+01   5.7488797890E+01
Ti    5.4497595680E+01   5.4201052240E+01   5.1970385670E+01
Ti    4.2591639050E+01   5.5267725370E+01   5.4849040630E+01
Ti    5.3518909300E+01   5.8243316040E+01   5.5235575500E+01
Ti    4.2330510420E+01   5.7022809230E+01   5.2284487130E+01
Ti    4.1918765900E+01   5.5659580000E+01   4.9342978850E+01
Ti    5.3568637930E+01   5.7862564340E+01   4.8942328240E+01
Ti    4.2132029780E+01   5.6707966770E+01   4.6508009130E+01
Ti    4.4482278280E+01   6.1566835800E+01   6.0420746180E+01
Ti    4.2748978280E+01   5.0726294350E+01   5.7810584020E+01
Ti    4.3429553130E+01   6.1143538390E+01   5.4608665260E+01
Ti    4.1652083920E+01   5.1036330920E+01   5.2980638720E+01
Ti    4.2339792440E+01   6.0626553760E+01   4.9128158650E+01
Ti    4.4690487420E+01   6.4905203180E+01   5.1518926040E+01
Ti    4.9676105090E+01   6.5190299120E+01   5.3025954290E+01
Ti    4.4992925030E+01   5.9348855730E+01   5.7377765290E+01
Ti    4.9674996330E+01   5.9377032470E+01   4.8195219320E+01
Ti    4.4771231340E+01   5.1985952420E+01   6.0029386640E+01
Ti    4.7295999040E+01   6.1951626950E+01   4.8284301410E+01
Ti    4.9891287080E+01   6.2016040220E+01   5.7730281580E+01
Ti    4.6880696820E+01   4.8803865980E+01   5.0651293680E+01
Ti    4.4521780700E+01   5.9317284820E+01   5.2038680510E+01
Ti    4.9173858140E+01   5.9162462680E+01   5.2970750820E+01
Ti    5.1664063750E+01   4.8987659070E+01   5.4099203870E+01
Ti    4.4831111120E+01   5.2224413150E+01   5.4746162370E+01
Ti    4.6968332160E+01   6.2390212670E+01   5.3079697680E+01
Ti    5.1549461070E+01   6.2050157050E+01   5.2239335420E+01
Ti    4.9382182210E+01   5.2208025370E+01   5.0349872900E+01
Ti    4.7416200650E+01   4.9122803170E+01   5.5147120680E+01
Ti    4.4657241890E+01   5.9408004190E+01   4.6704682210E+01
Ti    4.9603487160E+01   5.8970059920E+01   5.8818652730E+01
Ti    4.4177454660E+01   5.2049551560E+01   4.9574890340E+01
Ti    4.6824251710E+01   6.2730718730E+01   5.8493179660E+01
Ti    4.9457476080E+01   5.2121390590E+01   5.5739475510E+01
Ti    4.9714779390E+01   5.1360503910E+01   6.0833128780E+01
Ti    4.6536073890E+01   5.5769262210E+01   4.5161278060E+01
Ti    4.4777668190E+01   5.3705769970E+01   5.7488398620E+01
Ti    4.8557878150E+01   5.3485711580E+01   4.6862967400E+01
Ti    5.1884151110E+01   5.4208037430E+01   5.9893909320E+01
Ti    4.5083111720E+01   5.7829681190E+01   6.1040633920E+01
Ti    4.7012825990E+01   5.6798260990E+01   4.7872608740E+01
Ti    5.1832242790E+01   5.6625584600E+01   5.7636496550E+01
Ti    4.9235919310E+01   5.7916607970E+01   4.5440491200E+01
Ti    4.7036156910E+01   5.4529912720E+01   5.0366406300E+01
Ti    4.4276924240E+01   5.3933859080E+01   5.1902497340E+01
Ti    4.9308535850E+01   5.3682137350E+01   5.3322961870E+01
Ti    5.1952134140E+01   5.4996290630E+01   5.4751490430E+01
Ti    4.5059320300E+01   5.7912448230E+01   5.4694129820E+01
Ti    4.6908219940E+01   5.6462877470E+01   5.2850750270E+01
Ti    5.1617390510E+01   5.5968877320E+01   5.1722334960E+01
Ti    4.9355480390E+01   5.7501872920E+01   5.0614338770E+01
Ti    4.6993019630E+01   5.5039490200E+01   5.5963453900E+01
Ti    4.4707741190E+01   5.4134224660E+01   4.6911069780E+01
Ti    4.9437072240E+01   5.3166873390E+01   5.8387507000E+01
Ti    5.1666007140E+01   5.4643121170E+01   4.8842428470E+01
Ti    4.4542250590E+01   5.7705972390E+01   4.9181102460E+01
Ti    4.7113918450E+01   5.6196879860E+01   5.9037743960E+01
Ti    5.1152769380E+01   5.5884557010E+01   4.6336929500E+01
Ti    4.9314231570E+01   5.7405746940E+01   5.5620329590E+01
Ti    4.7283218030E+01   5.4065458170E+01   6.1247611260E+01
Ti    4.9520182030E+01   5.6679896480E+01   6.1362645100E+01
Ti    4.7229131570E+01   6.0829342770E+01   4.5679456820E+01
Ti    4.6973070200E+01   5.0661786450E+01   4.8164890080E+01
Ti    5.1905962980E+01   5.0823467540E+01   5.7137793500E+01
Ti    4.6949747890E+01   6.0625722060E+01   5.0553939310E+01
Ti    4.4042352570E+01   4.8375009080E+01   5.1761533950E+01
Ti    4.9471957110E+01   4.7960510550E+01   5.2750180230E+01
Ti    5.0997621750E+01   6.0901044430E+01   5.4680356940E+01
Ti    4.4346238560E+01   6.3682112910E+01   5.4197039310E+01
Ti    4.7156208540E+01   5.1146651530E+01   5.3083028930E+01
Ti    5.2182856800E+01   5.1083541830E+01   5.2249558020E+01
Ti    4.9344743860E+01   6.3381443180E+01   5.0423264040E+01
Ti    4.7404420230E+01   6.1053042760E+01   5.5594426860E+01
Ti    5.1907601860E+01   6.0538426970E+01   4.9602577030E+01
Ti    4.4482286950E+01   6.3518374030E+01   4.9187972750E+01
Ti    4.6994109510E+01   5.0064665370E+01   5.8881687350E+01
Ti    4.8759053720E+01   6.3821101970E+01   5.5747898970E+01
Ti    4.7221432170E+01   5.9496491230E+01   6.0011674710E+01
Ti    4.0516726490E+01   5.9894458370E+01   5.3690484020E+01
Ti    4.1534510160E+01   5.3162989960E+01   5.1541696450E+01
Ti    4.0235117040E+01   5.2830149890E+01   5.6982009550E+01
Ti    4.1961367240E+01   5.3228519710E+01   4.7927843420E+01
Ti    3.9694420210E+01   5.4436529910E+01   5.4232464430E+01
Ti    3.9244448770E+01   5.8131552760E+01   5.1660167680E+01
Ti    4.0163030220E+01   5.3337520380E+01   5.9983056520E+01
Ti    4.1493474170E+01   5.8762685340E+01   5.6650387790E+01
O     5.3885531010E+01   6.0261848790E+01   5.6026641100E+01
O     4.2792054070E+01   6.3218939180E+01   5.5412608890E+01
O     5.4787653550E+01   5.8080934050E+01   5.0763463510E+01
O     4.0955941050E+01   4.9911100880E+01   5.4203304500E+01
O     5.5544217490E+01   5.2668061420E+01   5.3359673620E+01
O     4.0907581880E+01   6.1750054520E+01   5.0296457000E+01
O     5.5266001700E+01   5.3666580880E+01   5.6210963300E+01
O     4.1250474160E+01   5.4706445360E+01   5.9856852890E+01
O     4.1863562130E+01   5.6869228560E+01   5.6553567150E+01
O     5.5809826260E+01   5.3402711950E+01   5.0811765320E+01
O     4.1117106840E+01   5.5837539470E+01   5.3901230870E+01
O     5.4570191090E+01   5.8245441890E+01   5.3335076340E+01
O     4.0738500050E+01   5.6552273630E+01   5.0630847130E+01
O     4.1251225620E+01   5.5053216090E+01   4.7713574800E+01
O     4.2856742860E+01   6.2295760070E+01   5.9616600670E+01
O     4.1200858090E+01   5.0778584030E+01   5.6702526890E+01
O     4.1538559430E+01   6.1400250320E+01   5.3234810270E+01
O     4.0523729350E+01   5.1336464950E+01   5.1358506140E+01
O     4.0570736130E+01   5.9302392650E+01   4.9181379640E+01
O     4.3460892410E+01   6.5061908780E+01   5.3048057340E+01
O     4.5266443660E+01   6.5485890230E+01   4.9789141190E+01
O     4.6631726440E+01   5.8793305190E+01   6.1674263420E+01
O     4.7380390730E+01   5.0407576550E+01   4.6188911030E+01
O     4.5942808220E+01   5.9347481900E+01   5.5606153800E+01
O     5.0521416200E+01   5.9264267520E+01   4.9788798470E+01
O     5.3094752790E+01   5.0454444280E+01   5.8405065260E+01
O     4.5917091120E+01   5.1881164410E+01   5.8337182030E+01
O     4.5938789060E+01   6.2165130610E+01   4.9741345150E+01
O     4.9434983860E+01   6.1949358930E+01   5.5839659600E+01
O     4.9592800450E+01   5.2313332760E+01   4.5959212490E+01
O     4.5688312190E+01   4.9179746480E+01   5.2369792290E+01
O     4.5700431240E+01   5.9215500100E+01   5.0066052520E+01
O     5.0293659390E+01   5.9120390560E+01   5.4586673130E+01
O     5.0736038390E+01   4.9386948130E+01   5.2400977480E+01
O     4.5766892510E+01   5.2451511910E+01   5.2749178220E+01
O     4.5611211000E+01   6.2017203820E+01   5.4817306820E+01
O     5.1032529180E+01   6.2306982760E+01   5.0078155910E+01
O     5.0456402230E+01   5.2498657800E+01   5.2296881100E+01
O     4.6754298440E+01   4.9109767750E+01   5.7372667540E+01
O     4.5756972380E+01   5.9634951640E+01   4.5046682950E+01
O     4.9440618690E+01   5.9017450420E+01   6.0745272320E+01
O     4.5508258930E+01   5.2243351800E+01   4.7837766020E+01
O     4.6328615600E+01   6.1526153840E+01   6.0254011120E+01
O     5.0353076530E+01   5.1788718450E+01   5.7441993750E+01
O     4.5546172600E+01   5.2994446350E+01   6.1497391620E+01
O     4.5410409350E+01   5.6934094830E+01   4.4333798750E+01
O     5.1101021950E+01   5.5656152690E+01   6.0907811500E+01
O     4.5822028950E+01   5.5614781450E+01   4.6959069010E+01
O     4.5870242360E+01   5.3391272130E+01   5.5887106530E+01
O     5.0403662260E+01   5.3432912700E+01   4.9426836920E+01
O     5.0722668170E+01   5.4702569730E+01   5.8385208420E+01
O     4.6210260900E+01   5.8200254990E+01   5.9018091550E+01
O     4.5953428470E+01   5.6341176620E+01   4.9665972560E+01
O     5.0729335740E+01   5.6120966280E+01   5.5801327080E+01
O     5.0461910320E+01   5.7599093130E+01   4.6965505170E+01
O     4.5783849540E+01   5.5123490430E+01   5.2140774280E+01
O     4.5491676740E+01   5.3285587540E+01   5.0429713060E+01
O     5.0698857790E+01   5.3427278990E+01   5.5097456730E+01
O     5.0673459890E+01   5.4939123300E+01   5.2918751670E+01
O     4.5746760980E+01   5.8038520750E+01   5.2922761880E+01
O     4.5966245560E+01   5.6158222140E+01   5.4652031340E+01
O     5.0411518290E+01   5.6084553010E+01   5.0224408730E+01
O     5.0443024700E+01   5.8037204700E+01   5.2143578180E+01
O     4.5894414270E+01   5.5190097270E+01   5.8007311530E+01
O     4.5533877870E+01   5.3724042760E+01   4.5208347210E+01
O     5.0895627950E+01   5.2531517250E+01   6.0070641110E+01
O     5.0212902220E+01   5.4443618240E+01   4.7072056980E+01
O     4.5852942950E+01   5.8248369650E+01   4.7467951440E+01
O     4.6264045310E+01   5.6012705350E+01   6.0807389200E+01
O     5.0289003160E+01   5.6194587680E+01   4.4614969350E+01
O     5.0154124740E+01   5.7369047460E+01   5.7686005240E+01
O     4.5948549550E+01   6.1088413430E+01   4.7047851550E+01
O     4.5860144960E+01   4.7949835610E+01   5.4818208530E+01
O     5.1093512670E+01   6.0379570080E+01   5.8629819120E+01
O     4.7196651090E+01   6.4523898960E+01   5.8737525270E+01
O     4.5511949310E+01   5.0525197920E+01   4.9754341260E+01
O     5.0934664220E+01   5.0287433360E+01   5.5511879260E+01
O     4.5904068300E+01   6.0973987670E+01   5.2132003240E+01
O     4.5238177870E+01   4.7721516280E+01   5.0442067290E+01
O     5.0935298010E+01   4.7224383260E+01   5.3652862230E+01
O     5.0278752010E+01   6.0943622500E+01   5.2783065350E+01
O     4.5808110620E+01   6.3825788320E+01   5.2718727440E+01
O     4.5981997650E+01   5.0636719500E+01   5.4481346230E+01
O     5.1383419420E+01   5.1100632970E+01   5.0413728010E+01
O     5.0502035700E+01   6.3628164500E+01   5.2382931170E+01
O     4.6352263260E+01   6.0692265320E+01   5.7772079270E+01
O     5.1031012050E+01   6.0738343140E+01   4.7747729060E+01
O     4.5547766220E+01   5.0172960090E+01   6.0275311520E+01
O     4.9784267340E+01   6.3950448570E+01   5.7532370430E+01
O     3.9948566630E+01   5.9101716420E+01   4.9751471330E+01
O     4.1559762880E+01   6.0309713470E+01   5.5577510240E+01
O     4.1405538880E+01   5.2844698090E+01   5.3664165470E+01
O     4.0927609000E+01   5.1968996060E+01   5.8848727150E+01
O     4.1061763080E+01   5.3660394970E+01   4.9719304760E+01
O     5.2596748910E+01   5.8580181090E+01   4.7117915240E+01
O     4.0429120420E+01   5.6742967040E+01   4.5798093830E+01
O     5.5463222600E+01   5.5574795970E+01   5.2655734770E+01
O     4.0833258570E+01   5.4468868980E+01   5.6166810720E+01
O     5.4794700750E+01   5.6857038470E+01   5.5544192870E+01
O     4.1093893470E+01   5.8508909480E+01   5.2486965560E+01
O     4.3219676670E+01   5.8692734530E+01   5.7685033400E+01
O     5.3983771380E+01   6.1395546720E+01   5.8868757170E+01
O     4.4941168150E+01   6.2885820560E+01   5.8602473300E+01
O     5.2576652670E+01   5.9575793870E+01   5.4071807130E+01
O     4.3581030950E+01   4.9239143790E+01   5.7202057930E+01
O     5.2994261850E+01   5.2154303470E+01   5.6440832420E+01
O     4.3849756940E+01   6.2161092860E+01   5.3187183470E+01
O     5.3507186800E+01   5.9820502960E+01   4.9102865280E+01
O     4.2699630300E+01   4.9816826540E+01   5.1308327230E+01
O     5.3655144260E+01   5.2152371810E+01   5.1554916870E+01
O     4.3192707270E+01   6.2215382570E+01   4.8555801480E+01
O     5.3736229890E+01   5.3513283820E+01   5.9276575980E+01
O     4.3238671780E+01   5.4748687270E+01   6.2043412000E+01
O     4.3556899780E+01   5.6796646880E+01   5.9585198430E+01
O     5.3385749410E+01   5.4347108250E+01   5.3577310120E+01
O     4.3520823810E+01   5.4824168470E+01   5.6699964520E+01
O     5.2649468380E+01   5.8431298440E+01   5.7240141980E+01
O     3.8665499780E+01   5.6727130480E+01   5.2732502210E+01
O     4.3528222040E+01   5.6861168340E+01   5.3806063170E+01
O     3.7898200930E+01   5.5110219420E+01   5.4661109670E+01
O     5.3325105550E+01   5.3505800420E+01   4.8736386960E+01
O     4.2696168050E+01   5.5118217060E+01   5.1438766210E+01
O     5.2511352130E+01   5.7558714830E+01   5.0558679360E+01
O     4.0630980180E+01   5.9220191380E+01   5.8087189970E+01
O     4.2893203440E+01   5.7111067860E+01   4.8589870100E+01
O     4.3432311390E+01   5.5655460150E+01   4.5953535440E+01
O     4.3311966810E+01   5.0908185240E+01   5.9651159900E+01
O     4.3820972400E+01   6.1150036940E+01   5.6658327260E+01
O     4.3340434120E+01   5.1052642160E+01   5.4481145890E+01
O     4.3042433390E+01   6.0614185860E+01   5.0918262840E+01
O     4.2450616150E+01   5.1447035390E+01   4.8928614210E+01
O     4.9385093830E+01   6.5525235270E+01   5.1276547990E+01
O     4.4192914730E+01   5.9784836630E+01   6.0202471970E+01
O     4.8770371330E+01   5.9655889640E+01   4.6142164840E+01
O     4.7696786380E+01   4.9025097880E+01   4.8904934610E+01
O     4.3624431540E+01   5.9345959160E+01   5.3832870180E+01
O     4.8217785030E+01   5.9294297240E+01   5.1306874650E+01
O     4.3790753320E+01   5.1952382040E+01   5.6716722600E+01
O     4.7996481940E+01   6.2386528360E+01   5.1416809440E+01
O     5.2337654650E+01   6.2085572130E+01   5.3955005280E+01
O     4.8442813730E+01   5.1861385620E+01   4.8578372320E+01
O     4.8078699660E+01   4.9115664880E+01   5.3501305020E+01
O     4.3667953190E+01   5.9534663480E+01   4.8310084070E+01
O     4.8616638710E+01   5.9202173200E+01   5.6699523810E+01
O     5.3309589220E+01   4.9364860600E+01   5.3481734490E+01
O     4.3070087740E+01   5.2014855850E+01   5.1411092170E+01
O     4.7204304480E+01   6.2960052530E+01   5.6578649290E+01
O     4.8286039560E+01   5.2317242920E+01   5.4137369190E+01
O     4.7840678590E+01   4.8653352080E+01   5.9989295390E+01
O     4.3188651260E+01   5.2849491930E+01   4.6505144200E+01
O     4.8547322640E+01   5.1337623100E+01   5.9254596140E+01
O     4.3726683280E+01   5.3542764030E+01   5.9186661130E+01
O     4.8009063630E+01   5.4574046830E+01   4.5435009940E+01
O     4.3996374100E+01   5.7684030730E+01   6.2576265320E+01
O     4.7859448480E+01   5.6987941640E+01   4.6172803970E+01
O     5.2858464940E+01   5.6109043820E+01   5.9203791240E+01
O     4.7748848350E+01   5.4703426880E+01   4.8553254910E+01
O     4.3967004610E+01   5.3830623620E+01   5.3897971670E+01
O     4.8283834870E+01   5.3521758070E+01   5.1355459890E+01
O     5.2991244420E+01   5.5072219370E+01   5.6568357250E+01
O     4.4928593340E+01   5.7226950800E+01   5.6568280230E+01
O     4.8112723090E+01   5.6405709920E+01   5.1294075940E+01
O     5.2614273670E+01   5.6855643320E+01   5.3440269510E+01
O     4.8351275780E+01   5.7726450370E+01   4.8937506200E+01
O     4.8048439620E+01   5.5048441400E+01   5.4031345660E+01
O     4.3413172580E+01   5.3999777380E+01   4.8784282360E+01
O     4.8381665850E+01   5.3460231040E+01   5.6793769400E+01
O     5.3043993770E+01   5.4868655230E+01   5.0764760260E+01
O     4.3671659640E+01   5.7696910230E+01   5.1110286120E+01
O     4.7843117860E+01   5.6407952710E+01   5.6991655710E+01
O     5.2802415480E+01   5.6216576810E+01   4.7680001350E+01
O     4.8484366850E+01   5.7631103370E+01   5.3944557960E+01
O     4.8046303400E+01   5.4003741640E+01   5.9401995660E+01
O     4.8776072280E+01   5.2443958670E+01   6.2053940430E+01
O     4.3189159280E+01   5.8322675500E+01   4.6034924990E+01
O     4.8518381170E+01   5.5315657520E+01   6.1960268320E+01
O     4.8795104670E+01   5.6920174620E+01   5.9615095310E+01
O     4.7785463140E+01   5.0263915570E+01   4.5430772730E+01
O     4.8218824820E+01   6.0466434080E+01   4.8814767100E+01
O     4.3262881470E+01   4.8130107940E+01   5.3679720640E+01
O     4.8313353820E+01   4.7484961890E+01   5.1207228510E+01
O     5.1682484330E+01   6.1917857250E+01   5.6668696940E+01
O     4.3832763920E+01   6.3945978720E+01   5.6076702310E+01
O     4.7996722010E+01   5.0741327210E+01   5.1282992530E+01
O     5.2609789940E+01   5.1835349740E+01   5.3925104710E+01
O     4.8401595960E+01   6.3337195740E+01   4.8735978620E+01
O     4.7887059880E+01   6.0806863000E+01   5.3841848150E+01
O     4.8490395060E+01   4.7722326110E+01   5.5909929510E+01
O     5.2733029960E+01   6.0526361740E+01   5.1615802520E+01
O     4.3524371670E+01   6.3495173020E+01   5.0892519640E+01
O     4.8418913720E+01   5.0581235840E+01   5.5852982830E+01
O     5.5805647750E+01   5.1336571660E+01   4.8802737080E+01
O     4.8248653670E+01   6.4167290180E+01   5.3845416640E+01
O     4.8596729290E+01   6.1003320900E+01   5.8913249630E+01
O     3.8879484750E+01   5.9747675890E+01   5.2706211830E+01
O     3.9336466560E+01   5.2548398660E+01   5.5345230630E+01
O     3.9661688860E+01   5.4231387070E+01   5.2328068280E+01
O     3.9097360610E+01   5.3718575930E+01   5.8406916550E+01
O     4.0140927210E+01   5.8117247630E+01   5.5185486500E+01
